0
87
524
239
974
-552
1926
-2222
4257
-78761
-293597
-328259
-292193
-267974
-241292
-220050
-197602
-176807
-155932
-136073
-116749
-99207
-82933
-68368
-54222
-40358
-26823
-13705
-2242
7622
16050
23613
30183
36171
41726
46605
51083
56577
61119
64728
69297
71899
73889
75033
75884
75617
74609
74237
74098
74175
74770
74780
74078
74231
73603
72451
72093
70711
67864
65400
62385
59443
57520
55534
53780
51486
49715
48080
45761
43944
43301
42053
40586
38225
35718
32953
29644
26941
24487
23267
21560
20055
19362
19797
20681
21413
21668
19539
16741
13748
10715
8501
7725
7363
6890
5495
4286
3873
3841
3861
4516
5094
5288
4223
3097
1943
-319
-1856
-2806
-3239
-2966
-3066
-3347
-3076
-2483
-1597
-921
-1180
-1824
-2985
-3769
-4285
-4096
-3550
-3100
-3109
-3083
-3092
-2577
-2067
-2198
-2990
-3716
-4410
-5050
-5293
-5194
-4733
-4076
-4110
-3829
-3925
-3490
-3116
-1306
-289
-21
-135
-776
-1515
-2272
-2491
-3286
-3683
-3880
-3948
-2960
-665
948
1596
1991
1309
-683
-1934
-4041
-4317
-3899
-3515
-16612
-129841
-54238
23527
11240
17981
13656
14591
11519
9827
8179
7110
6067
6044
5403
5433
5888
5582
5775
5768
5639
4847
4180
4167
3547
2829
2365
1466
1398
1648
1834
2124
2110
2154
2562
1951
484
-476
-864
-892
81
486
1003
631
-339
-1124
-974
165
942
1198
1617
1212
260
-617
-1972
-3286
-3124
-2718
-2630
-2301
-1141
-147
1222
2312
2336
673
-998
-2405
-3168
-3669
-2995
-2143
-1765
-1926
-2144
-2092
-1501
-368
972
2610
3373
3240
2261
833
-1236
-2300
-1797
-1279
-946
-221
155
382
394
786
1172
978
515
-212
-1217
-1491
-1534
-1161
-670
-497
134
661
961
1093
1398
1085
836
386
-437
-328
-144
525
381
-22
-593
-1225
-766
-355
49
732
709
55
-1250
-2461
-2963
-3141
-2790
-2395
-2012
-903
256
1921
2912
2912
2205
1115
238
-1377
-2494
-2140
-1765
-1399
-910
-1347
-1737
-1903
-1003
706
1683
1867
2915
2214
1405
-567
-1874
-1689
16766
197259
85996
-37863
-16581
-25949
-17620
-19795
-17108
-18032
-17501
-16909
-16326
-14685
-12913
-11568
-9843
-8829
-7997
-7787
-7953
-8448
-8812
-8522
-8188
-7365
-6240
-4690
-3645
-3198
-2059
-1192
-831
-47
99
-60
264
114
-587
-1397
-2194
-2805
-2670
-2327
-1552
-813
-210
474
1184
2783
3053
3044
2363
1536
2025
2203
2125
1681
1568
1231
732
290
3
586
1108
2013
1824
1514
851
-393
-344
-335
93
806
1254
1324
1165
1514
2089
2616
2081
2379
2079
263
-663
-805
-475
-269
203
871
1612
1457
545
49
-639
-1182
-1546
-1891
-1842
-2373
-2568
-2116
-1897
-1993
-1665
-771
373
1222
1857
1903
743
-398
-1840
-2414
-3288
-3485
-3070
-1947
-1617
-1085
-801
-743
-225
-404
-515
-570
-919
-1756
-1783
-1120
-963
-630
-60
150
223
570
728
987
1090
1170
926
473
-498
-1119
-808
-848
-253
-235
163
762
787
918
1298
1110
1295
1213
1447
226
720
-295
23277
203127
81790
-37267
-16346
-26652
-20350
-22855
-19985
-20620
-19424
-18206
-17439
-16099
-14859
-14056
-12744
-11639
-9737
-7976
-7311
-7114
-6648
-5664
-5268
-4770
-4252
-4208
-3852
-3151
-2612
-2922
-2679
-1509
-787
-260
-24
-296
-272
135
54
809
1474
1929
3169
3580
3390
2840
2483
2654
2757
2970
3317
2925
2207
1793
1400
1188
1149
1163
1348
1713
2056
2350
2261
1859
1876
1518
701
180
191
784
1397
1268
914
1300
1460
1488
1110
27
-220
27
315
208
-439
-410
-801
-825
-541
-964
-1198
-1341
-1365
-1074
-377
116
362
368
698
669
379
236
109
366
441
144
-530
-662
-721
-423
-152
-501
-1501
-2084
-2140
-2570
-2440
-1813
-1931
-1397
-704
-162
512
997
1118
504
164
-139
-615
-991
-901
-910
-337
-314
-412
-452
-1132
-1386
-1123
-1198
-1019
-1006
-1144
-1332
-1757
-1156
-419
-89
-95
-38
-233
-216
-421
-451
-949
-1081
-1726
-723
-1254
521
-17170
-128905
-46806
23674
10647
16844
12432
13392
11369
11260
10158
9232
9044
9254
9555
9433
9299
8623
7835
7530
7229
7312
7138
6457
5905
5482
4293
3813
3169
2861
2774
2484
2882
2160
1652
1338
1714
1927
1996
1613
1025
1335
1718
1440
1669
1473
1384
1799
1243
920
1367
684
364
402
514
31
-145
-328
-114
-705
-683
-401
-323
-177
-210
-214
193
-203
-515
161
-241
-89
-365
-215
166
68
-73
-42
-127
-809
-938
-1014
-962
-1014
-821
-1148
-1346
-1369
-1327
-1790
-1453
-1355
-1060
-715
-1062
-1212
-899
-295
-464
-907
-521
-746
-660
-858
-786
-712
-104
-264
-431
-689
-1025
-1140
-1237
-1326
-1436
-1288
-718
-1032
-1074
-1120
-949
-966
-1191
-1781
-1134
-635
-548
-728
-623
-962
-1292
-1934
-1994
-2392
-3034
-2838
-3141
-2698
-2432
-2491
-1955
-1936
-2465
-2432
-2156
-1699
-1677
-1656
-984
-865
-471
-607
-517
-111
-538
-602
-1496
-934
-1323
-610
-12441
-112358
-46369
19968
7844
13286
8648
10814
10106
10373
9840
9189
9204
8636
7788
7122
7353
6946
6237
5485
5001
4584
3779
2980
2233
2322
2141
1528
1136
271
583
1009
662
1210
1367
882
617
138
95
841
1169
947
624
808
253
456
-82
-217
-303
-183
-256
-694
-565
-937
-723
-645
78
-257
-439
-338
-4
-103
-462
-447
-399
-991
-86
389
13
424
148
101
191
-251
-367
-787
-831
-1227
-658
104
85
289
527
461
869
1248
931
1035
379
30
-173
88
400
628
884
657
60
-404
-607
-739
-510
-324
416
298
67
-65
-262
102
-93
284
-62
303
361
11
194
552
934
954
551
4
-72
-519
-435
-824
-618
-683
-320
421
494
451
183
-96
134
728
358
-324
-165
-53
-187
-194
-52
-354
-640
-444
-286
-595
-296
-178
-82
-185
-85
-235
-690
-193
-112
-147
-944
-1205
-1514
-1490
-10801
-108144
-48488
18563
6965
12601
8694
10028
8693
8326
8112
7656
7459
7316
6127
5845
5889
5453
4720
4135
3688
3057
2903
2717
2487
1947
1744
2052
1620
1237
1158
14
-506
-849
-724
-240
-223
-526
-368
-59
510
929
982
377
70
29
-71
-647
-716
-1053
-1125
-1338
-1651
-1669
-1781
-2136
-2366
-2093
-1812
-2411
-3143
-2979
-2536
-1968
-2025
-2116
-2204
-1438
-1322
-1886
-1788
-1452
-1674
-2023
-1778
-2002
-2306
-2485
-2068
-1716
-1639
-1258
-739
-957
-806
20
-121
323
-250
-297
-457
-217
552
316
70
-333
-870
-778
-359
-116
-46
-246
495
602
212
302
125
-57
388
1152
1325
1536
2115
2378
2188
1695
1932
2020
1900
2047
2173
1876
1717
1595
1111
709
212
368
499
314
381
525
612
840
1634
1368
802
1119
1151
1210
1046
923
1118
1046
1226
974
595
569
577
582
670
1043
733
1127
1155
778
-230
231
419
430
-12246
-113174
-45227
22017
9960
16297
11766
13062
11595
11667
10467
9708
9254
8305
8076
7622
7177
6071
5442
4939
4051
4313
4556
4304
3983
3208
3008
2452
1976
1930
1821
2087
1953
1230
727
-104
38
-472
-671
-581
-326
-400
-841
-1258
-1779
-1939
-1937
-2066
-2401
-1759
-2073
-1807
-1449
-1674
-1476
-1601
-1892
-2517
-2338
-2058
-2161
-2622
-2827
-2185
-2590
-2531
-2389
-2824
-2531
-2369
-2686
-2081
-1987
-2330
-2411
-2443
-2066
-1382
-1167
-1246
-730
-856
-1308
-1153
-1000
-1060
-763
-776
-1222
-1411
-1900
-1860
-1690
-1814
-1979
-2357
-2276
-1660
-1338
-1437
-1620
-760
40
-210
-403
143
316
175
-39
58
622
314
-63
-259
-98
357
476
-30
698
663
148
-381
-167
-39
406
963
788
1159
1272
1335
1330
540
846
1146
1221
1304
951
752
1129
1323
1289
350
46
257
167
135
-252
-98
366
103
-246
-171
-585
-449
-8
-55
359
1089
1073
847
-10541
-106543
-42444
23149
10842
16131
11960
12811
11321
11346
10931
10344
9279
8110
7403
7043
6546
6117
6138
5710
5133
4798
4872
4555
3940
3831
3595
3492
3021
2284
1860
1401
1162
1286
1349
1513
1343
1247
935
533
-211
-1046
-1523
-1615
-1168
-1124
-811
-1208
-1217
-1151
-1369
-898
-760
-1058
-1301
-1360
-1114
-966
-1028
-1043
-1229
-1749
-2516
-2705
-2688
-3000
-2849
-2656
-2773
-2541
-2151
-1790
-1632
-1748
-1629
-640
-291
-741
-637
-562
-773
-1147
-922
-741
-822
-1051
-1511
-2154
-2910
-2559
-2302
-2276
-2224
-2046
-2144
-1657
-1263
-1746
-1431
-979
-890
-1376
-1208
-931
-1384
-1030
-722
-603
-884
-1094
-963
-926
-1086
-1231
-1066
-705
-217
-372
-654
-715
-1262
-1818
-1893
-1580
-1662
-1488
-1060
-806
-727
-563
-600
-573
-770
-33
250
532
615
273
144
-362
-575
-1030
-1181
-1048
-802
-1142
-1025
-842
-471
-855
-1956
-1877
-1378
-1024
-321
52
-82
11
540
-1074
-7956
-107433
-51136
21569
8803
14827
11131
12950
11511
11409
10213
9364
8982
8425
7728
6953
6149
5679
5733
5333
5366
5211
5012
5170
5020
4460
3529
3160
2868
3212
2867
2477
2431
2685
2091
1866
1621
1180
696
233
148
459
80
-200
34
201
305
491
608
892
497
449
1126
1674
1284
1098
1189
378
-271
-647
-767
-520
-719
-460
-429
-694
-487
-238
100
147
54
242
458
409
690
844
957
1349
1457
1360
1086
12
-621
-1210
-1447
-1203
-1124
-1034
-1076
-1380
-1175
-1316
-1082
-745
-646
-898
-1382
-1756
-1563
-1430
-1302
-915
-475
-139
-199
-908
-921
-646
-1152
-1509
-1673
-2062
-1561
-1399
-1358
-1155
-1631
-1657
-1665
-1384
-1334
-629
-478
-166
16
-338
-67
122
-40
118
738
607
29
-26
-290
-370
-1218
-1374
-1296
-1139
-1049
-1986
-2082
-2269
-2368
-2407
-2063
-2214
-2446
-2781
-2713
-2269